M_KANAL01_LL1;1745.55;-1168.46;90.73
M_KANAL01_LL2;1754.77;-1172.38;120.83
M_KANAL01_LL3;1760.23;-1173.26;154.17
M_KANAL01_LL4;1770.27;-1178.47;187.37
M_KANAL01_LL5;1767.1;-1174.32;216.46
M_KANAL01_LL6;1782.02;-1183.75;252.66
M_KANAL02_LL1;1704.07;-1126.51;93.2
M_KANAL02_LL2;1711.37;-1131.77;124.66
M_KANAL02_LL3;1716.73;-1135.73;158.79
M_KANAL02_LL4;1721.52;-1138.94;192.89
M_KANAL02_LL5;1728.14;-1143.61;226.48
M_KANAL02_LL6;1731.93;-1145.16;259.4
M_KANAL03_LL1;1665.63;-1077.18;96.28
M_KANAL03_LL2;1675.11;-1078.6;127.08
M_KANAL03_LL3;1680.54;-1081.32;157.3
M_KANAL03_LL4;1686.42;-1082.16;189.74
M_KANAL03_LL5;1692.37;-1082.83;222.4
M_KANAL03_LL6;1696.32;-1082.83;255.53
M_KANAL04_LL1;1620.72;-1057.16;99.73
M_KANAL04_LL2;1628.79;-1057.86;130.11
M_KANAL04_LL3;1632.99;-1057.12;163.71
M_KANAL04_LL4;1637.78;-1056.79;197.11
M_KANAL04_LL5;1644.92;-1057.25;229.9
M_KANAL04_LL6;1650.53;-1057.13;261.13
M_KANAL05_LL1;1565.29;-1062.64;120.75
M_KANAL05_LL2;1569.19;-1063.6;151.28
M_KANAL05_LL3;1577.4;-1065.25;182.24
M_KANAL05_LL4;1581.71;-1065.8;215.58
M_KANAL05_LL5;1586.2;-1066.48;248.35
M_KANAL05_LL6;1593.84;-1068.41;280.52
M_KANAL06_LL1;1467.85;-1162.35;162.17
M_KANAL06_LL2;1471.75;-1166.12;199
M_KANAL06_LL3;1479.35;-1170.21;234.92
M_KANAL06_LL4;1483.98;-1172.9;270.45
M_KANAL06_LL5;1489.1;-1175.07;306.43
M_KANAL06_LL6;1491.35;-1175.3;343.39
M_KANAL07_LL1;1349.11;-1300.92;227.89
M_KANAL07_LL2;1350.03;-1300.03;266.19
M_KANAL07_LL3;1354.2;-1300.96;303.77
M_KANAL07_LL4;1362.67;-1304.24;343.02
M_KANAL07_LL5;1369.23;-1306.47;379.62
M_KANAL07_LL6;1374.77;-1307.74;420.13
M_KANAL08_LL1;1196.57;-1475.83;308.05
M_KANAL08_LL2;1201.24;-1478.87;347.15
M_KANAL08_LL3;1206.23;-1482.6;388.76
M_KANAL08_LL4;1208.59;-1486.14;432.65
M_KANAL08_LL5;1215.77;-1493.53;478.18
M_KANAL08_LL6;1216.54;-1493.98;523.28
M_KANAL09_LL1;1142.99;-1429.67;312.74
M_KANAL09_LL2;1147.61;-1433.84;354.67
M_KANAL09_LL3;1152.93;-1438.48;398.02
M_KANAL09_LL4;1154.97;-1440.34;440.83
M_KANAL09_LL5;1161.35;-1445.55;481.35
M_KANAL09_LL6;1162.64;-1447;527.19
M_KANAL10_LL1;1039.87;-1476.88;347.72
M_KANAL10_LL2;1042.11;-1486.8;394.36
M_KANAL10_LL3;1044.65;-1496.63;439.59
M_KANAL10_LL4;1044.85;-1504.71;486.85
M_KANAL10_LL5;1045.56;-1513.25;535.75
M_KANAL10_LL6;1047.04;-1522.98;586.09
M_S_KANAL01_LL1;1884.38;-671.49;-52.41
M_S_KANAL01_LL2;1892.17;-677.74;-28.2
M_S_KANAL01_LL3;1894.09;-678.48;-1.7
M_S_KANAL01_LL4;1903.02;-687.36;21.28
M_S_KANAL01_LL5;1898.97;-680.9;45.04
M_S_KANAL01_LL6;1909.73;-691.58;74.2
M_S_KANAL02_LL1;1856.4;-637.24;-48.99
M_S_KANAL02_LL2;1860.86;-640.33;-23.8
M_S_KANAL02_LL3;1864.25;-643.81;0.3
M_S_KANAL02_LL4;1867.96;-647.74;23.67
M_S_KANAL02_LL5;1873.13;-652.95;50.88
M_S_KANAL02_LL6;1875.24;-654.84;76.55
M_S_KANAL03_LL1;1827.06;-602.95;-47.69
M_S_KANAL03_LL2;1831.69;-606.48;-23.5
M_S_KANAL03_LL3;1835.61;-610.2;1.66
M_S_KANAL03_LL4;1838.84;-613.39;26.17
M_S_KANAL03_LL5;1842.97;-617.04;50.33
M_S_KANAL03_LL6;1845.41;-619.17;76.13
M_S_KANAL04_LL1;1799.41;-570.25;-48.3
M_S_KANAL04_LL2;1803.94;-574.15;-24.28
M_S_KANAL04_LL3;1806.22;-575.81;-0.44
M_S_KANAL04_LL4;1810.22;-580.01;26.61
M_S_KANAL04_LL5;1812.99;-582.82;49.67
M_S_KANAL04_LL6;1815.42;-585.61;75.7
M_S_KANAL05_LL1;1772.24;-537.33;-45.7
M_S_KANAL05_LL2;1774.66;-539.59;-22.39
M_S_KANAL05_LL3;1778.41;-543.89;0.45
M_S_KANAL05_LL4;1780.96;-545.94;25
M_S_KANAL05_LL5;1784.33;-549.13;49.73
M_S_KANAL05_LL6;1787.12;-553.01;75.68
M_S_KANAL06_LL1;1745.48;-507.44;-49.97
M_S_KANAL06_LL2;1747.51;-507.92;-23.44
M_S_KANAL06_LL3;1751.93;-513.28;0.18
M_S_KANAL06_LL4;1754.15;-514.98;25.16
M_S_KANAL06_LL5;1757.35;-518.41;50.05
M_S_KANAL06_LL6;1758.1;-519.62;73.3
M_S_KANAL07_LL1;1720.21;-477.82;-45.33
M_S_KANAL07_LL2;1721.14;-477.45;-22.35
M_S_KANAL07_LL3;1723.25;-478.91;1.5
M_S_KANAL07_LL4;1727.35;-483.18;26.27
M_S_KANAL07_LL5;1730.68;-486.4;50.41
M_S_KANAL07_LL6;1732.35;-488.57;74.52
M_S_KANAL08_LL1;1693.58;-446.13;-43.14
M_S_KANAL08_LL2;1697.18;-448.97;-20.1
M_S_KANAL08_LL3;1699.19;-450.54;2.7
M_S_KANAL08_LL4;1700.25;-451.53;27.18
M_S_KANAL08_LL5;1704.37;-456;50.59
M_S_KANAL08_LL6;1705.42;-457.58;74.83
M_S_KANAL09_LL1;1666.58;-415.48;-41.51
M_S_KANAL09_LL2;1669.98;-418.07;-19.32
M_S_KANAL09_LL3;1672.96;-420.56;3.94
M_S_KANAL09_LL4;1673.99;-420.93;27.22
M_S_KANAL09_LL5;1677.87;-425.31;51.33
M_S_KANAL09_LL6;1677.55;-425.28;74.75
M_S_KANAL10_LL1;1639.34;-384.13;-43.44
M_S_KANAL10_LL2;1643.6;-387.89;-20.26
M_S_KANAL10_LL3;1645.69;-389.13;2.88
M_S_KANAL10_LL4;1647.9;-391.43;26.25
M_S_KANAL10_LL5;1650.12;-393.24;50.14
M_S_KANAL10_LL6;1652.4;-396.06;74.57
